1 0.856694560669456 0.300557880055788 0.12343096234309626 0.096234309623431
1 0.6574267782426779 0.6645746164574616 0.08682008368200833 0.09065550906555103
1 0.6616108786610879 0.7684797768479776 0.10355648535564846 0.10041841004184107
1 0.8624476987447699 0.4330543933054393 0.11610878661087867 0.09344490934449091
1 0.6506276150627615 0.4372384937238494 0.08368200836820079 0.05439330543933053
0 0.5271966527196653 0.7322175732217573 0.07740585774058573 0.06415620641562057
0 0.8729079497907949 0.8256624825662482 0.11610878661087867 0.11157601115760102
0 0.8718619246861924 0.7043235704323569 0.13912133891213385 0.11436541143654111
0 0.5219665271966527 0.6331938633193863 0.0669456066945606 0.07531380753138073
0 0.649581589958159 0.33542538354253837 0.09832635983263587 0.08786610878661087
