1 0.6317991631799164 0.8751743375174337 0.200836820083682 0.19107391910739197
1 0.3530334728033473 0.3054393305439331 0.1098326359832636 0.07252440725244075
1 0.33629707112970714 0.38702928870292896 0.14539748953974896 0.09344490934449091
1 0.8315899581589958 0.297768479776848 0.14644351464435146 0.06834030683403064
1 0.8619246861924685 0.396792189679219 0.1401673640167364 0.11018131101813111
0 0.23744769874476987 0.8856345885634588 0.200836820083682 0.15062761506276146
0 0.27928870292887026 0.6806136680613668 0.1443514644351464 0.108786610878661
0 0.6338912133891214 0.6764295676429568 0.16527196652719675 0.09762900976290098
0 0.6166317991631799 0.405160390516039 0.13493723849372385 0.08507670850767085
0 0.608786610878661 0.303347280334728 0.14225941422594132 0.0627615062761506
