1 0.6767782426778243 0.20013947001394702 0.11087866108786607 0.07112970711297073
1 0.6982217573221757 0.2887029288702929 0.1098326359832636 0.07810320781032075
1 0.4853556485355648 0.35564853556485354 0.09414225941422594 0.04463040446304049
0 0.4921548117154812 0.2608089260808926 0.0889121338912134 0.06973500697350073
0 0.3294979079497908 0.604602510460251 0.08368200836820079 0.096234309623431
0 0.32688284518828453 0.7294281729428173 0.10146443514644357 0.09205020920502094
0 0.772489539748954 0.6882845188284519 0.15376569037656906 0.1213389121338912
0 0.7348326359832636 0.5488145048814504 0.15376569037656906 0.10460251046025114
1 0.4963389121338912 0.7175732217573221 0.14539748953974901 0.12691771269177124
1 0.4994769874476988 0.5808926080892608 0.09728033472803353 0.11854951185495118
