0 0.32366920152091255 0.5183776932826362 0.08840304182509502 0.08618504435994921
0 0.31903517110266155 0.6438529784537388 0.10194866920152094 0.10139416983523439
0 0.6345057034220531 0.4936628643852978 0.09980988593155886 0.0950570342205323
0 0.649477186311787 0.6140684410646388 0.09695817490494299 0.12040557667934096
0 0.45235266159695814 0.2053231939163498 0.08198669201520914 0.09378960709759188
1 0.469462927756654 0.6318124207858048 0.10337452471482883 0.10773130544993663
1 0.463046577946768 0.5063371356147021 0.08198669201520907 0.10773130544993663
1 0.45163973384030415 0.29150823827629907 0.07628326996197721 0.05323193916349808
1 0.5906606463878327 0.1780735107731305 0.08056083650190103 0.08238276299112801
1 0.6045627376425855 0.2686945500633713 0.0727186311787073 0.06844106463878326
