0 0.4491444866920152 0.2839036755386565 0.08269961977186313 0.11660329531051965
0 0.33222433460076045 0.6603295310519645 0.07842205323193915 0.09125475285171099
0 0.33365019011406843 0.7743979721166032 0.0855513307984791 0.08365019011406843
0 0.6312975285171103 0.6730038022813687 0.11050380228136887 0.09632446134347276
1 0.4662547528517111 0.7870722433460076 0.09410646387832693 0.10139416983523432
1 0.463403041825095 0.6609632446134347 0.08269961977186306 0.11026615969581754
1 0.6184648288973383 0.3859315589353612 0.08626425855513303 0.09252217997465145
1 0.6102661596958174 0.24588086185044358 0.10266159695817485 0.08871989860583014
0 0.6419914448669201 0.7959442332065905 0.08626425855513319 0.09632446134347263
1 0.44807509505703425 0.40684410646387825 0.08483840304182515 0.060836501901140705
