1 0.6127614068441065 0.16413181242078578 0.09054182509505701 0.1026615969581749
1 0.6191777566539923 0.2807351077313054 0.0805608365019011 0.09759188846641315
1 0.45092680608365016 0.2889733840304182 0.07913498098859321 0.08871989860583014
1 0.45021387832699616 0.6844106463878326 0.10337452471482891 0.1191381495564005
1 0.45021387832699616 0.5468948035487958 0.087690114068441 0.11787072243346003
0 0.2997861216730038 0.6742712294043091 0.09767110266159698 0.0963244613434727
0 0.30691539923954375 0.5392902408111533 0.0848384030418251 0.09759188846641315
0 0.4555608365019011 0.17110266159695814 0.08412547528517109 0.10899873257287701
0 0.6377138783269962 0.6970849176172368 0.09624524714828901 0.12167300380228127
0 0.6323669201520913 0.5633713561470215 0.10836501901140685 0.10266159695817485
