1 0.31511406844106454 0.5310519645120404 0.11834600760456267 0.13941698352344756
1 0.3650190114068439 0.3941698352344739 0.085551330798479 0.12674271229404316
1 0.4380941064638783 0.17046894803548795 0.08198669201520914 0.09759188846641317
1 0.6451996197718631 0.15969581749049427 0.09268060836501903 0.1115335868187579
1 0.6259505703422054 0.2693282636248415 0.09125475285171099 0.08998732572877056
0 0.16432984790874525 0.40177439797211645 0.10052281368821292 0.12167300380228134
0 0.21566064638783267 0.2807351077313054 0.07770912547528518 0.11026615969581748
0 0.4737404942965779 0.08681875792141952 0.06915399239543724 0.11026615969581748
0 0.5382604562737643 0.6806083650190113 0.10123574144486697 0.19264892268694553
0 0.5696292775665401 0.5196451204055763 0.126901140684411 0.13434727503168514
