1 0.44771863117870725 0.6368821292775665 0.09695817490494299 0.10773130544993663
1 0.44415399239543724 0.512040557667934 0.08269961977186313 0.10392902408111539
1 0.4359553231939164 0.28390367553865653 0.07343155893536128 0.06337135614702155
1 0.5749762357414449 0.18948035487959441 0.07770912547528518 0.082382762991128
1 0.5903041825095056 0.2870722433460076 0.07414448669201512 0.0773130544993663
0 0.3008555133079847 0.6286438529784536 0.09125475285171103 0.09378960709759183
0 0.3054895437262357 0.5063371356147021 0.08483840304182508 0.0899873257287706
0 0.4395199619771863 0.188212927756654 0.07628326996197721 0.1026615969581749
0 0.6109790874524714 0.5164765525982256 0.10123574144486681 0.09252217997465145
0 0.6213165399239544 0.6330798479087452 0.08626425855513312 0.10519645120405578
