0 0.2609315589353612 0.667934093789607 0.08840304182509502 0.10646387832699623
0 0.279467680608365 0.5335868187579212 0.07984790874524716 0.10139416983523454
0 0.463759505703422 0.19645120405576677 0.08341254752851704 0.1318124207858048
0 0.6159695817490494 0.6153358681875791 0.11406844106463872 0.1204055766793408
0 0.6159695817490494 0.7686945500633712 0.09410646387832707 0.14575411913814962
1 0.4117157794676805 0.7205323193916349 0.1005228136882129 0.13054499366286434
1 0.42633079847908745 0.5697084917617237 0.08840304182509506 0.12801013941698364
1 0.6238117870722434 0.3231939163498098 0.08555133079847912 0.10646387832699614
1 0.6266634980988592 0.20468948035487955 0.09268060836501896 0.08998732572877058
1 0.44736216730038025 0.3079847908745247 0.07913498098859315 0.058301647655259824
