0 0.44771863117870725 0.3244613434727503 0.07984790874524712 0.11406844106463879
0 0.3240256653992394 0.6951837769328262 0.08911596958174904 0.0975918884664134
0 0.32331273764258556 0.8288973384030417 0.09767110266159698 0.07858048162230659
0 0.6052756653992395 0.685678073510773 0.08269961977186313 0.09885931558935354
0 0.6088403041825096 0.7915082382762989 0.07129277566539927 0.09252217997465138
1 0.4587690114068441 0.8086185044359948 0.09196768060836497 0.09378960709759183
1 0.4580560836501901 0.6837769328263624 0.07485741444866917 0.09759188846641323
1 0.5903041825095057 0.4309252217997465 0.06701520912547522 0.07858048162230666
1 0.5849572243346007 0.3212927756653992 0.06915399239543717 0.07477820025348539
1 0.4487880228136882 0.4410646387832699 0.08198669201520914 0.06337135614702148
