1 0.3274058577405858 0.11297071129707113 0.09623430962343096 0.09483960948396096
1 0.33786610878661094 0.2287308228730823 0.096234309623431 0.09762900976290098
0 0.35930962343096234 0.4553695955369595 0.0951882845188284 0.07112970711297066
0 0.36976987447698745 0.5564853556485356 0.0889121338912134 0.08647140864714081
0 0.5339958158995816 0.4393305439330544 0.08054393305439327 0.05857740585774053
0 0.524581589958159 0.2287308228730823 0.0868200836820084 0.08368200836820083
0 0.5219665271966528 0.11297071129707113 0.09832635983263593 0.09762900976290098
1 0.6814853556485356 0.11645746164574618 0.09309623430962347 0.09065550906555091
1 0.6830543933054394 0.22036262203626222 0.08786610878661094 0.07810320781032079
1 0.5371338912133891 0.5348675034867504 0.09100418410041847 0.07391910739191075
