0 0.3340066539923952 0.7275031685678067 0.11620722433460033 0.14195183776932907
0 0.2819629277566537 0.6045627376425853 0.0948193916349815 0.11153358681875765
0 0.5999287072243346 0.3041825095057033 0.07770912547528493 0.11153358681875797
0 0.3079847908745247 0.2040557667934093 0.10266159695817485 0.05576679340937897
0 0.642347908745247 0.40494296577946765 0.07842205323193915 0.08238276299112797
1 0.49619771863117884 0.5722433460076047 0.09980988593155932 0.12801013941698286
1 0.43880703422053224 0.46134347275031656 0.08056083650190099 0.09885931558935412
1 0.3422053231939164 0.28960709759188846 0.07414448669201526 0.08238276299112801
1 0.4862167300380228 0.16666666666666663 0.05418250950570339 0.07984790874524712
1 0.44058935361216717 0.09822560202788337 0.07129277566539917 0.08238276299112793
