0 0.30335076045627374 0.712294043092522 0.10622623574144484 0.08871989860583014
0 0.3086977186311787 0.567807351077313 0.08697718631178705 0.09378960709759183
0 0.48978136882129275 0.2179974651457541 0.08982889733840302 0.08365019011406848
0 0.48978136882129275 0.3168567807351077 0.08127376425855509 0.08111533586818759
0 0.5051093155893536 0.5595690747782002 0.09054182509505708 0.062103929024081024
1 0.4976235741444867 0.6894803548795942 0.09695817490494299 0.1419518377693282
1 0.6327233840304182 0.32002534854245873 0.07057984790874527 0.08238276299112794
1 0.6280893536121672 0.21863117870722426 0.08269961977186323 0.057034220532319393
1 0.3144011406844104 0.3041825095057034 0.1026615969581749 0.09378960709759195
1 0.3186787072243346 0.2072243346007604 0.07842205323193913 0.08491761723700886
