1 0.5371338912133892 0.6750348675034867 0.09728033472803346 0.10320781032078089
1 0.5418410041841004 0.794281729428173 0.10460251046025107 0.10739191073919116
1 0.7698744769874477 0.4386331938633194 0.13598326359832627 0.11018131101813111
1 0.7688284518828453 0.2629009762900976 0.15062761506276146 0.12691771269177127
0 0.4205020920502092 0.7168758716875872 0.07112970711297073 0.0725244072524407
0 0.4225941422594142 0.6192468619246861 0.07322175732217573 0.08368200836820079
0 0.5439330543933054 0.2894002789400279 0.08368200836820087 0.1297071129707113
0 0.7547071129707112 0.7873082287308227 0.15794979079497906 0.13528591352859123
0 0.7625523012552301 0.9260808926080892 0.1359832635983264 0.12552301255230133
1 0.5428870292887029 0.4142259414225941 0.08577405857740587 0.06136680613668062
