0 0.6485355648535563 0.3228730822873082 0.100418410041841 0.07949790794979077
0 0.6553347280334728 0.41910739191073915 0.0993723849372386 0.08507670850767085
0 0.5083682008368201 0.6548117154811716 0.07322175732217566 0.07391910739191082
0 0.5193514644351463 0.7587168758716877 0.08263598326359833 0.06694560669456066
0 0.6715481171548118 0.6248256624825662 0.08995815899581601 0.06694560669456066
1 0.6830543933054394 0.7433751743375174 0.09205020920502087 0.09762900976290098
1 0.49267782426778245 0.35634588563458847 0.06276150627615067 0.07112970711297073
1 0.49529288702928864 0.4470013947001395 0.08054393305439334 0.07391910739191075
1 0.8179916317991632 0.27057182705718275 0.1213389121338912 0.06973500697350069
1 0.8305439330543933 0.38214783821478376 0.12552301255230133 0.08647140864714081
