1 0.49738493723849375 0.6827057182705718 0.10146443514644353 0.11576011157601108
1 0.5036610878661087 0.806834030683403 0.10146443514644353 0.12412831241283129
0 0.7332635983263597 0.7754532775453278 0.1694560669456068 0.1478382147838215
0 0.4963389121338912 0.2782426778242678 0.09937238493723839 0.1324965132496513
1 0.4926778242677824 0.405857740585774 0.08577405857740587 0.06136680613668055
1 0.731694560669456 0.3926080892608089 0.14958158995815893 0.11854951185495124
1 0.7285564853556485 0.2105997210599721 0.14958158995815893 0.13947001394700137
0 0.7426778242677824 0.9163179916317992 0.1401673640167364 0.11436541143654111
0 0.37290794979079506 0.7545327754532775 0.0700836820083682 0.06694560669456066
0 0.37238493723849375 0.6338912133891214 0.0606694560669456 0.09902370990237096
