1 0.39246673003802257 0.6787072243346004 0.14900190114068437 0.15335868187579202
1 0.4074382129277566 0.26869455006337134 0.10765209125475288 0.0785804816223067
1 0.5942252851711026 0.15842839036755382 0.1005228136882129 0.08111533586818757
1 0.6052756653992395 0.24968314321926485 0.088403041825095 0.09125475285171099
0 0.16967680608365018 0.6622306717363752 0.1368821292775665 0.1457541191381494
0 0.19534220532319388 0.5025348542458807 0.10836501901140683 0.100126742712294
0 0.4156368821292776 0.16666666666666663 0.09410646387832693 0.0950570342205323
0 0.644130228136882 0.512040557667934 0.1461501901140683 0.1191381495564005
0 0.6630228136882128 0.6711026615969581 0.13117870722433453 0.14321926489226883
1 0.40066539923954364 0.5114068441064638 0.11406844106463872 0.13054499366286434
