1 0.5031380753138075 0.6290097629009763 0.102510460251046 0.10041841004184107
1 0.5099372384937239 0.7629009762900977 0.11820083682008374 0.10599721059972098
1 0.6657949790794979 0.301952580195258 0.09309623430962347 0.06555090655509066
1 0.6851464435146443 0.39121338912133896 0.08995815899581587 0.07670850767085077
1 0.49006276150627615 0.40376569037656906 0.08682008368200833 0.057182705718270554
0 0.7510460251046024 0.7559274755927475 0.11924686192468627 0.09762900976290112
0 0.7280334728033473 0.6234309623430963 0.12343096234309626 0.09205020920502094
0 0.49006276150627615 0.3152022315202231 0.09728033472803353 0.08647140864714085
0 0.3143305439330544 0.7594142259414227 0.12447698744769874 0.09344490934449098
0 0.3179916317991632 0.6290097629009763 0.09205020920502097 0.0725244072524407
