1 0.4576996197718631 0.6812420785804815 0.09553231939163495 0.11787072243345989
1 0.45484790874524705 0.5468948035487958 0.07842205323193915 0.1051964512040557
1 0.4452233840304182 0.3003802281368821 0.07057984790874527 0.06337135614702148
1 0.5856701520912547 0.20595690747782 0.07628326996197714 0.0899873257287706
1 0.5949382129277566 0.31495564005069704 0.07770912547528504 0.07984790874524716
0 0.30691539923954375 0.6736375158428389 0.10622623574144488 0.09252217997465145
0 0.30941064638783267 0.5348542458808617 0.07984790874524719 0.10139416983523439
0 0.44771863117870725 0.19138149556400502 0.07984790874524712 0.11660329531051962
0 0.6131178707224335 0.5614702154626108 0.0869771863117871 0.09378960709759192
0 0.6191777566539923 0.6749049429657794 0.07770912547528518 0.10012674271229415
