1 0.4320083682008368 0.37796373779637377 0.08995815899581594 0.06973500697350069
1 0.6344142259414226 0.37726638772663873 0.09728033472803346 0.09344490934449098
1 0.6328451882845189 0.26359832635983266 0.10460251046025107 0.08089260808926081
1 0.4414225941422595 0.7398884239888424 0.11297071129707113 0.09902370990237089
1 0.4398535564853557 0.6185495118549512 0.10146443514644346 0.09902370990237103
0 0.26202928870292885 0.7391910739191074 0.12029288702928867 0.0864714086471409
0 0.26098326359832635 0.6178521617852162 0.09728033472803344 0.10041841004184107
0 0.6532426778242679 0.7510460251046025 0.08682008368200833 0.09902370990237103
0 0.651673640167364 0.6331938633193864 0.1150627615062762 0.09205020920502094
0 0.4372384937238494 0.2719665271966527 0.09623430962343094 0.100418410041841
