0 0.23535564853556487 0.7308228730822873 0.13598326359832635 0.12273361227336124
0 0.24686192468619247 0.8821478382147839 0.15062761506276146 0.0767085076708507
0 0.45920502092050214 0.24616457461645744 0.1338912133891214 0.16596931659693165
1 0.4654811715481172 0.6987447698744771 0.10460251046025114 0.10599721059972111
1 0.4581589958158996 0.397489539748954 0.1171548117154812 0.08089260808926077
1 0.6956066945606694 0.3856345885634589 0.09205020920502094 0.096234309623431
1 0.688807531380753 0.2398884239888424 0.09728033472803346 0.11436541143654115
0 0.6867154811715481 0.8005578800557879 0.10146443514644353 0.09205020920502094
0 0.6919456066945606 0.6834030683403068 0.12029288702928859 0.100418410041841
1 0.4686192468619247 0.8368200836820079 0.12552301255230125 0.10599721059972152
