1 0.29131799163179917 0.34797768479776847 0.09518828451882846 0.13249651324965128
1 0.7280334728033472 0.24616457461645747 0.15271966527196654 0.14644351464435146
1 0.7196652719665272 0.09135285913528592 0.16527196652719658 0.10460251046025103
1 0.3059623430962343 0.2398884239888424 0.0889121338912134 0.08926080892608088
0 0.5005230125523012 0.6234309623430963 0.09728033472803346 0.07810320781032075
0 0.297071129707113 0.6345885634588564 0.07949790794979084 0.11994421199442122
0 0.301255230125523 0.7775453277545329 0.0878661087866109 0.11018131101813111
0 0.49529288702928864 0.1701534170153417 0.1307531380753138 0.09762900976290095
0 0.49686192468619245 0.3179916317991632 0.11087866108786613 0.12273361227336117
1 0.49895397489539745 0.7831241283124128 0.10878661087866107 0.15760111576011154
