0 0.5225760456273764 0.1780735107731305 0.09268060836501903 0.10012674271229403
0 0.5282794676806083 0.30228136882129275 0.08412547528517109 0.10266159695817485
0 0.3646625475285171 0.5665399239543726 0.08626425855513303 0.0963244613434727
0 0.36715779467680604 0.7021546261089986 0.09410646387832693 0.08618504435994936
1 0.35325570342205326 0.1761723700887199 0.07770912547528518 0.09632446134347272
1 0.3539686311787071 0.2839036755386564 0.08626425855513312 0.09378960709759171
1 0.6676568441064639 0.3010139416983523 0.08483840304182515 0.100126742712294
1 0.659101711026616 0.18631178707224333 0.08198669201520914 0.07604562737642583
1 0.5350522813688212 0.6755386565272495 0.08483840304182515 0.11913814955640042
0 0.5332699619771862 0.5538656527249682 0.08412547528517109 0.060836501901140705
