0 0.3519874476987448 0.7963737796373781 0.11401673640167363 0.09205020920502094
0 0.35460251046025104 0.6603905160390516 0.104602510460251 0.0906555090655509
0 0.5470711297071129 0.4211994421199442 0.10041841004184093 0.10599721059972105
0 0.5397489539748954 0.3145048814504881 0.11297071129707106 0.08228730822873082
0 0.5585774058577405 0.6569037656903766 0.09832635983263593 0.06694560669456066
1 0.5564853556485355 0.7677824267782427 0.10460251046025107 0.10739191073919102
1 0.34048117154811713 0.4086471408647141 0.1182008368200837 0.0864714086471409
1 0.34048117154811713 0.306136680613668 0.09100418410041837 0.09065550906555085
1 0.7034518828451882 0.3131101813110181 0.09937238493723839 0.0794979079497908
1 0.7081589958158996 0.41771269177126924 0.10041841004184107 0.09344490934449091
