1 0.5232889733840304 0.14448669201520908 0.08982889733840302 0.09885931558935358
1 0.5628564638783269 0.24524714828897334 0.08341254752851711 0.100126742712294
1 0.5033269961977186 0.7490494296577946 0.09553231939163503 0.13941698352344745
1 0.4712452471482889 0.6115335868187579 0.07842205323193908 0.12040557667934088
1 0.40316064638783267 0.3700887198986058 0.08341254752851711 0.08365019011406843
0 0.38284220532319396 0.25665399239543724 0.09980988593155893 0.09252217997465141
0 0.3247385931558936 0.7230671736375157 0.09481939163498102 0.10773130544993663
0 0.35432509505703425 0.8479087452471481 0.10693916349809886 0.10646387832699603
0 0.6419914448669201 0.494296577946768 0.09054182509505708 0.1191381495564005
0 0.6783507604562736 0.6235741444866919 0.0805608365019011 0.12420785804816227
