0 0.4380941064638783 0.23003802281368815 0.08483840304182508 0.1280101394169835
0 0.2887357414448669 0.5874524714828897 0.0784220532319392 0.09759188846641315
0 0.28481463878326996 0.7072243346007605 0.08198669201520918 0.08111533586818766
0 0.5913735741444865 0.6508238276299108 0.09481939163498072 0.11533586818757847
0 0.5910171102661597 0.7629911280101394 0.08412547528517095 0.09378960709759183
1 0.42633079847908745 0.6102661596958174 0.07984790874524712 0.11280101394169834
1 0.43310361216730037 0.35551330798479086 0.08056083650190118 0.06970849176172372
1 0.6009980988593157 0.3751584283903675 0.0769961977186312 0.10139416983523447
1 0.6045627376425855 0.2446134347275031 0.08555133079847906 0.10139416983523447
1 0.4241920152091254 0.7306717363751584 0.09268060836501903 0.09252217997465152
