0 0.3064853556485356 0.6185495118549512 0.08158995815899579 0.09902370990237103
0 0.3138075313807531 0.7377963737796375 0.10669456066945603 0.08089260808926085
0 0.7086820083682008 0.689679218967922 0.15794979079497914 0.14365411436541145
0 0.7160041841004184 0.8193863319386332 0.12656903765690372 0.11576011157601115
0 0.4539748953974896 0.2308228730822873 0.10878661087866114 0.13528591352859135
1 0.4654811715481172 0.6401673640167364 0.09832635983263593 0.11157601115760109
1 0.4780334728033473 0.7712691771269178 0.11924686192468627 0.1087866108786612
1 0.7060669456066946 0.35006973500697347 0.11506276150627627 0.12831241283124126
1 0.7003138075313808 0.18688981868898188 0.147489539748954 0.10320781032078105
1 0.4565899581589959 0.3688981868898187 0.11192468619246859 0.07391910739191075
