1 0.566421102661597 0.7091254752851711 0.0976711026615969 0.1051964512040557
1 0.3407794676806084 0.403675538656527 0.10408745247148285 0.09505703422053234
1 0.3218868821292775 0.31051964512040553 0.086264258555133 0.08618504435994928
1 0.6031368821292776 0.23764258555133075 0.08412547528517109 0.05703422053231936
1 0.6284458174904942 0.32382762991128006 0.07200570342205331 0.07224334600760454
0 0.39389258555133083 0.7965779467680608 0.10765209125475288 0.09759188846641308
0 0.376069391634981 0.659062103929024 0.1005228136882129 0.09378960709759183
0 0.548954372623574 0.5830164765525981 0.08840304182509506 0.0709759188846641
0 0.5065351711026616 0.373891001267427 0.08911596958174911 0.08871989860583021
0 0.48621673003802274 0.2718631178707224 0.09410646387832693 0.06717363751584288
