1 0.544979079497908 0.6276150627615062 0.1108786610878662 0.11994421199442115
1 0.5308577405857741 0.7796373779637378 0.12029288702928881 0.13389121338912133
1 0.803347280334728 0.13110181311018132 0.16108786610878667 0.1087866108786611
1 0.8122384937238495 0.2754532775453278 0.13912133891213402 0.12133891213389124
0 0.3844142259414226 0.7364016736401675 0.08472803347280333 0.10041841004184093
0 0.3922594142259414 0.6073919107391911 0.07322175732217573 0.0794979079497908
0 0.823744769874477 0.8486750348675035 0.1579497907949792 0.15202231520223164
0 0.815376569037657 0.6645746164574616 0.19560669456066962 0.1380753138075314
0 0.5648535564853557 0.21687587168758718 0.09832635983263593 0.096234309623431
1 0.5538702928870294 0.3458856345885634 0.09728033472803353 0.058577405857740523
