0 0.23640167364016737 0.5397489539748953 0.15062761506276154 0.11994421199442122
0 0.24476987447698742 0.40376569037656906 0.12552301255230122 0.08786610878661087
0 0.7473849372384938 0.5439330543933054 0.1286610878661088 0.11436541143654111
0 0.7264644351464434 0.4100418410041841 0.14121338912133907 0.0864714086471409
0 0.450836820083682 0.08926080892608089 0.102510460251046 0.08089260808926081
1 0.47071129707112974 0.5474198047419805 0.15271966527196654 0.11297071129707106
1 0.46757322175732213 0.4086471408647141 0.11297071129707113 0.10599721059972105
1 0.446652719665272 0.1820083682008368 0.10251046025104607 0.06555090655509066
1 0.6684100418410042 0.17364016736401675 0.10251046025104607 0.07391910739191075
1 0.6506276150627616 0.08716875871687588 0.102510460251046 0.08228730822873082
