1 0.6098326359832636 0.5446304044630405 0.07740585774058566 0.07670850767085063
1 0.6124476987447698 0.6290097629009763 0.0721757322175732 0.0585774058577406
1 0.4649581589958159 0.7803347280334728 0.0700836820083682 0.06555090655509062
1 0.4670502092050209 0.8535564853556485 0.0763598326359832 0.06136680613668062
1 0.4581589958158996 0.6262203626220362 0.0669456066945606 0.050209205020920536
0 0.45972803347280333 0.5516039051603905 0.07426778242677827 0.07391910739191075
0 0.3509414225941423 0.8472803347280334 0.0763598326359833 0.05160390516039059
0 0.34623430962343094 0.7782426778242677 0.060669456066945564 0.05299860529986049
0 0.6129707112970713 0.8661087866108786 0.06276150627615067 0.05020920502092053
0 0.6124476987447699 0.7970711297071129 0.07845188284518827 0.059972105997210576
