1 0.4441539923954372 0.6673003802281368 0.0898288973384031 0.09759188846641313
1 0.4430846007604562 0.5437262357414449 0.07628326996197721 0.09885931558935361
1 0.4363117870722434 0.3307984790874524 0.06558935361216733 0.058301647655259824
1 0.5835313688212928 0.3155893536121673 0.06915399239543717 0.0709759188846641
1 0.5749762357414447 0.2192648922686945 0.07200570342205324 0.07097591888466415
0 0.30727186311787064 0.6615969581749047 0.09268060836501898 0.08618504435994921
0 0.3115494296577947 0.5411913814955639 0.07557034220532319 0.08871989860583014
0 0.4409458174904943 0.23637515842839035 0.07200570342205324 0.08745247148288972
0 0.6017110266159696 0.5475285171102661 0.10266159695817492 0.08871989860583021
0 0.6091967680608367 0.6666666666666667 0.08198669201520908 0.10139416983523439
