0 0.3518298479087452 0.6476552598225598 0.07913498098859313 0.12420785804816248
0 0.40636882129277574 0.7648922686945496 0.0941064638783267 0.13307984790874436
0 0.5161596958174903 0.46324461343472767 0.07699619771863146 0.08998732572877097
0 0.4241920152091256 0.282636248415716 0.07129277566539943 0.0963244613434729
1 0.38676330798479086 0.1907477820025348 0.08198669201520885 0.10519645120405569
1 0.257010456273764 0.41634980988593123 0.09054182509505646 0.12801013941698416
1 0.22706749049429653 0.33333333333333326 0.06630228136882127 0.10646387832699616
1 0.5543013307984791 0.5735107731305449 0.10337452471482891 0.09505703422053237
1 0.541825095057034 0.16539923954372637 0.07984790874524718 0.09505703422053256
1 0.5040399239543728 0.09315589353612161 0.0655893536121678 0.09252217997465144
