1 0.6312975285171102 0.608998732572877 0.07770912547528518 0.1102661596958174
1 0.6566064638783269 0.5025348542458807 0.07557034220532316 0.09252217997465145
1 0.4038735741444867 0.8187579214195182 0.06630228136882131 0.15462610899873255
1 0.368940114068441 0.35678073510773123 0.07770912547528518 0.11026615969581752
1 0.4035171102661597 0.2762991128010139 0.059885931558935325 0.08871989860583014
0 0.24524714828897337 0.6939163498098858 0.0855513307984791 0.11787072243346003
0 0.2898051330798479 0.5722433460076044 0.07485741444866925 0.11533586818757925
0 0.4420152091254752 0.7059569074778199 0.07984790874524712 0.0963244613434729
0 0.5083174904942966 0.5006337135614701 0.06701520912547529 0.1267427122940431
0 0.5400427756653992 0.39733840304182505 0.08198669201520914 0.11026615969581748
