1 0.39121338912133896 0.6213389121338913 0.11087866108786613 0.1129707112970712
1 0.3781380753138076 0.4860529986052998 0.0930962343096234 0.104602510460251
1 0.3598326359832636 0.25313807531380755 0.09205020920502094 0.07670850767085075
1 0.5261506276150627 0.297071129707113 0.0606694560669456 0.08368200836820083
1 0.512029288702929 0.19595536959553697 0.07217573221757327 0.07949790794979082
0 0.35826359832635984 0.14644351464435146 0.0930962343096234 0.10320781032078104
0 0.5585774058577406 0.5139470013947002 0.08368200836820087 0.08228730822873082
0 0.5706066945606695 0.6255230125523012 0.08263598326359833 0.09902370990237096
0 0.18305439330543932 0.6269177126917712 0.14644351464435146 0.12412831241283129
0 0.18305439330543932 0.4665271966527197 0.12133891213389121 0.10460251046025107
